service_id,monday,tuesday,wednesday,thursday,friday,saturday,sunday,start_date,end_date
ATS_SBL 26-44331,1,1,1,1,1,1,1,20261017,20261017
ATS_SBL 26-44332,1,1,1,1,1,1,1,20261018,20261018
ATS_KBL 26-41826,1,1,1,1,1,0,0,20261026,20261028
BBL 26_27-42237,1,1,1,1,1,0,0,20261001,20261002
BBL 26_27-44334,1,1,1,1,1,0,0,20261006,20261130
BCC 26_27-42969,0,0,0,0,1,0,0,20261002,20261127
BCC 26_27-42968,1,1,1,1,0,0,0,20261001,20261130
BCC 26_27-42970,0,0,0,0,0,1,0,20261003,20261128
BCC 26_27-42971,0,0,0,0,0,0,1,20261004,20261129
CBL 26_27-43425,1,1,1,1,1,0,0,20261006,20261130
CBL 26_27-43425-0001000,0,0,0,1,0,0,0,20261006,20261130
CBL 26_27-43427,1,1,1,1,1,0,0,20261001,20261002
CBL 26_27-43427-0001000,0,0,0,1,0,0,0,20261001,20261002
CBL 26_27-43424,0,0,0,0,0,1,0,20261003,20261128
CBL 26_27-43426,0,0,0,0,0,0,1,20261004,20261129
ATS_TBS 26-43903,1,1,1,1,1,0,0,20261026,20261027
ATS_TBS 26-44138,1,1,1,1,1,0,0,20261001,20261001
ATS_TBS 26-44141,1,1,1,1,1,0,0,20261002,20261002
ATS_TBS 26-43890,1,1,1,1,1,0,0,20261028,20261028
ATS_TBS 26-44298,1,1,1,1,1,0,0,20261006,20261008
ATS_TBS 26-44297,1,1,1,1,1,0,0,20261009,20261009
ATS_TBS 26-44139,0,0,0,0,0,1,0,20261003,20261003
ATS_TBS 26-44299,0,0,0,0,0,1,0,20261010,20261010
ATS_TBS 26-44140,0,0,0,0,0,0,1,20261004,20261005
ATS_TBS 26-44300,0,0,0,0,0,0,1,20261011,20261011
COO 26_27-43134,1,1,1,1,1,0,0,20261001,20261130
COO 26_27-43136,0,0,0,0,0,1,0,20261003,20261128
COO 26_27-43135,0,0,0,0,0,0,1,20261004,20261129
QR 26_27-43503,0,0,0,0,0,1,0,20261017,20261128
QR 26_27-43506,0,0,0,0,0,0,1,20261018,20261129
QR 26_27-44305,1,1,1,1,0,0,0,20261013,20261130
QR 26_27-44306,1,1,1,1,0,0,0,20261012,20261029
QR 26_27-44307,0,0,0,0,1,0,0,20261016,20261127
ATS_MGB 26-42664,0,0,0,0,0,0,1,20261018,20261018
GCLR 26_27-43820,0,0,0,0,1,0,0,20261002,20261127
HBL 26_27-43478,0,0,0,0,1,0,0,20261009,20261127
HBL 26_27-43488,1,1,1,1,0,0,0,20261006,20261130
HBL 26_27-43482,0,0,0,0,1,0,0,20261002,20261002
HBL 26_27-43480,1,1,1,1,0,0,0,20261001,20261001
HBL 26_27-43477,0,0,0,0,0,1,0,20261003,20261128
HBL 26_27-43484,0,0,0,0,0,0,1,20261004,20261129
MET 26_27-43289,1,1,1,1,1,0,0,20261001,20261130
MET 26_27-43289-0000100,0,0,0,0,1,0,0,20261001,20261130
MET 26_27-43288,0,0,0,0,0,1,0,20261003,20261128
MET 26_27-43292,0,0,0,0,0,0,1,20261004,20261129
MET 26_27-43291,0,0,0,0,0,0,1,20261005,20261005
KBL 26_27-44024,1,1,1,1,1,0,0,20261006,20261016
KBL 26_27-44322,1,1,1,1,1,0,0,20261019,20261130
KBL 26_27-42865,1,1,1,1,1,0,0,20261001,20261002
KBL 26_27-42861,0,0,0,0,0,1,0,20261003,20261017
KBL 26_27-44321,0,0,0,0,0,1,0,20261024,20261128
ATS_KBL 26-41563,0,0,0,0,0,1,0,20261024,20261024
KBL 26_27-42863,0,0,0,0,0,0,1,20261004,20261018
KBL 26_27-44320,0,0,0,0,0,0,1,20261025,20261129
ATS_KBL 26-41565,0,0,0,0,0,0,1,20261025,20261025
LCBS 26_27-44170,1,1,1,1,1,0,0,20261006,20261009
LCBS 26_27-44170-0000100,0,0,0,0,1,0,0,20261006,20261009
LCBS 26_27-44166,1,1,1,1,1,0,0,20261012,20261130
LCBS 26_27-44166-0000100,0,0,0,0,1,0,0,20261012,20261130
LCBS 26_27-44163,1,1,1,1,1,0,0,20261001,20261002
LCBS 26_27-44163-0000100,0,0,0,0,1,0,0,20261001,20261002
LCBS 26_27-43394,0,0,0,0,0,0,1,20261005,20261005
LCBS 26_27-43388,0,0,0,0,0,1,0,20261003,20261003
LCBS 26_27-44167,0,0,0,0,0,1,0,20261010,20261128
LCBS 26_27-43393,0,0,0,0,0,0,1,20261004,20261004
LCBS 26_27-44168,0,0,0,0,0,0,1,20261011,20261129
LOGC 26_27-43196,1,1,1,1,1,0,0,20261001,20261130
LOGC 26_27-43194,0,0,0,0,0,1,0,20261003,20261128
LOGC 26_27-43195,0,0,0,0,0,0,1,20261004,20261129
LVB 26_27-43543,0,0,0,0,0,1,0,20261003,20261128
LVB 26_27-43542,0,0,0,0,0,0,1,20261004,20261129
LVB 26_27-43541,1,1,1,1,1,0,0,20261001,20261130
ATS_TDEV26-42859,0,0,0,0,0,1,0,20261024,20261024
ATS_TDEV26-42866,0,0,0,0,0,0,1,20261025,20261025
MGB 26_27-44289,1,1,1,1,1,0,0,20261006,20261130
MGB 26_27-43491,1,1,1,1,1,0,0,20261001,20261002
MGB 26_27-43492,0,0,0,0,0,1,0,20261003,20261003
MGB 26_27-44287,0,0,0,0,0,1,0,20261010,20261128
MGB 26_27-43493,0,0,0,0,0,0,1,20261004,20261004
MGB 26_27-44288,0,0,0,0,0,0,1,20261005,20261129
GCLR 26_27-43822,1,1,1,1,0,0,0,20261001,20261130
BT 26_27-44149,1,1,1,1,1,0,0,20261012,20261023
BT 26_27-44149-0000100,0,0,0,0,1,0,0,20261012,20261023
BT 26_27-44149-1000000,1,0,0,0,0,0,0,20261012,20261023
BT 26_27-44149-0111100,0,1,1,1,1,0,0,20261012,20261023
BT 26_27-44149-1111000,1,1,1,1,0,0,0,20261012,20261023
BT 26_27-44153,0,0,0,0,0,1,0,20261017,20261128
BT 26_27-44155,0,0,0,0,0,0,1,20261018,20261129
BT 26_27-44148,1,1,1,1,1,0,0,20261123,20261130
BT 26_27-44148-0000100,0,0,0,0,1,0,0,20261123,20261130
BT 26_27-44148-1000000,1,0,0,0,0,0,0,20261123,20261130
BT 26_27-44148-0111100,0,1,1,1,1,0,0,20261123,20261130
BT 26_27-44148-1111000,1,1,1,1,0,0,0,20261123,20261130
BT 26_27-44150,1,1,1,1,1,0,0,20261026,20261120
BT 26_27-44150-0000100,0,0,0,0,1,0,0,20261026,20261120
BT 26_27-44150-1000000,1,0,0,0,0,0,0,20261026,20261120
BT 26_27-44150-0111100,0,1,1,1,1,0,0,20261026,20261120
BT 26_27-44150-1111000,1,1,1,1,0,0,0,20261026,20261120
BT 26_27-44156,0,0,0,0,0,0,1,20261005,20261005
PRT 26_27-44203,1,1,1,1,1,0,0,20261006,20261130
PRT 26_27-42923,1,1,1,1,1,0,0,20261001,20261002
PRT 26_27-44202,1,1,1,1,1,1,1,20261005,20261005
PRT 26_27-44202-1111111,1,1,1,1,1,1,1,20261005,20261005
PRT 26_27-42925,0,0,0,0,0,1,0,20261003,20261003
PRT 26_27-44204,0,0,0,0,0,1,0,20261010,20261128
PRT 26_27-42919,0,0,0,0,0,0,1,20261004,20261004
PRT 26_27-44205,0,0,0,0,0,0,1,20261011,20261129
HBL 26_27-44195,0,0,0,0,0,0,1,20261005,20261005
BT 26_27-44106,1,1,1,1,1,0,0,20261001,20261002
BT 26_27-44106-0000100,0,0,0,0,1,0,0,20261001,20261002
BT 26_27-44106-1111000,1,1,1,1,0,0,0,20261001,20261002
BT 26_27-44213,1,1,1,1,1,0,0,20261006,20261009
BT 26_27-44213-0000100,0,0,0,0,1,0,0,20261006,20261009
BT 26_27-44213-1000000,1,0,0,0,0,0,0,20261006,20261009
BT 26_27-44213-0111100,0,1,1,1,1,0,0,20261006,20261009
BT 26_27-44213-1111000,1,1,1,1,0,0,0,20261006,20261009
BT 26_27-44214,0,0,0,0,0,1,0,20261010,20261010
BT 26_27-44215,0,0,0,0,0,0,1,20261011,20261011
GCLR 26_27-43821,0,0,0,0,0,1,0,20261003,20261128
SBLE 26_27-43698,1,1,1,1,1,0,0,20261001,20261130
SBLE 26_27-43697,0,0,0,0,0,1,0,20261003,20261128
SBLE 26_27-43695,0,0,0,0,0,0,1,20261004,20261129
SBL 26_27-43690,1,1,1,1,1,0,0,20261001,20261002
SBL 26_27-43690-0000100,0,0,0,0,1,0,0,20261001,20261002
SBL 26_27-43690-1111000,1,1,1,1,0,0,0,20261001,20261002
SBL 26_27-44281,1,1,1,1,1,0,0,20261006,20261130
SBL 26_27-44281-1111000,1,1,1,1,0,0,0,20261006,20261130
SBL 26_27-44281-0000100,0,0,0,0,1,0,0,20261006,20261130
SBL 26_27-43689,0,0,0,0,0,1,0,20261003,20261003
SBL 26_27-44282,0,0,0,0,0,1,0,20261010,20261128
SBL 26_27-43683,0,0,0,0,0,0,1,20261004,20261004
SBL 26_27-44244,0,0,0,0,0,0,1,20261005,20261005
SBL 26_27-44283,0,0,0,0,0,0,1,20261011,20261129
BT 26_27-43776,0,0,0,0,0,1,0,20261003,20261003
BT 26_27-43778,0,0,0,0,0,0,1,20261004,20261004
SMBI 26_27-43030,0,0,0,0,0,1,0,20261003,20261128
SMBI 26_27-43032,0,0,0,0,0,0,1,20261004,20261129
SMBI 26_27-43031,1,1,1,1,1,0,0,20261001,20261130
SUN 26_27-44278,1,1,1,1,1,0,0,20261001,20261002
SUN 26_27-44278-0010000,0,0,1,0,0,0,0,20261001,20261002
SUN 26_27-44278-1111000,1,1,1,1,0,0,0,20261001,20261002
SUN 26_27-44278-0000100,0,0,0,0,1,0,0,20261001,20261002
SUN 26_27-44278-1110100,1,1,1,0,1,0,0,20261001,20261002
SUN 26_27-44278-0001000,0,0,0,1,0,0,0,20261001,20261002
SUN 26_27-44274,1,1,1,1,1,0,0,20261006,20261130
SUN 26_27-44274-0010000,0,0,1,0,0,0,0,20261006,20261130
SUN 26_27-44274-1111000,1,1,1,1,0,0,0,20261006,20261130
SUN 26_27-44274-0000100,0,0,0,0,1,0,0,20261006,20261130
SUN 26_27-44274-1110100,1,1,1,0,1,0,0,20261006,20261130
SUN 26_27-44274-0001000,0,0,0,1,0,0,0,20261006,20261130
SUN 26_27-44275,0,0,0,0,0,1,0,20261003,20261128
SUN 26_27-44273,0,0,0,0,0,0,1,20261004,20261129
SUN 26_27-44277,1,1,1,1,1,1,1,20261005,20261005
SUN 26_27-44277-0000001,0,0,0,0,0,0,1,20261005,20261005
GCLR 26_27-43823,0,0,0,0,0,0,1,20261004,20261129
CDC 26_27-44191,1,1,1,1,1,0,0,20261006,20261130
TBS 26_27-43794,1,1,1,1,1,0,0,20261006,20261130
TBS 26_27-43497,1,1,1,1,1,0,0,20261001,20261002
TBS 26_27-43458,0,0,0,0,0,1,0,20261003,20261128
TBS 26_27-43496,0,0,0,0,0,0,1,20261004,20261129
QR 26_27-44006,0,0,0,0,0,1,0,20261003,20261003
QR 26_27-44007,0,0,0,0,0,0,1,20261004,20261004
QR 26_27-44008,1,1,1,1,0,0,0,20261001,20261001
QR 26_27-44010,0,0,0,0,1,0,0,20261002,20261002
QR 26_27-44207,0,0,0,0,0,0,1,20261005,20261005
QR 26_27-44171,1,1,1,1,0,0,0,20261006,20261008
QR 26_27-44172,0,0,0,0,1,0,0,20261009,20261009
QR 26_27-44217,0,0,0,0,0,1,0,20261010,20261010
QR 26_27-44209,0,0,0,0,0,0,1,20261011,20261011
TDEV 26_27-44218,1,1,1,1,1,0,0,20261006,20261130
TDEV 26_27-43016,1,1,1,1,1,0,0,20261001,20261002
TDEV 26_27-44224,1,1,1,1,1,1,1,20261005,20261005
TDEV 26_27-44224-1111111,1,1,1,1,1,1,1,20261005,20261005
TDEV 26_27-43012,0,0,0,0,0,1,0,20261003,20261003
TDEV 26_27-44219,0,0,0,0,0,1,0,20261010,20261128
TDEV 26_27-43013,0,0,0,0,0,0,1,20261004,20261004
TDEV 26_27-44221,0,0,0,0,0,0,1,20261011,20261129
TSQ 26_27-43513,0,0,0,0,0,1,0,20261003,20261128
TSQ 26_27-43514,0,0,0,0,0,0,1,20261004,20261129
TSQ 26_27-43512,1,1,1,1,1,0,0,20261001,20261130
WBS 26_27-42910,1,1,1,1,1,0,0,20261006,20261130
WBS 26_27-42912,1,1,1,1,1,0,0,20261001,20261002
WBS 26_27-42909,0,0,0,0,0,1,0,20261003,20261128
WBS 26_27-42914,0,0,0,0,0,0,1,20261004,20261129
WBS 26_27-42915,1,1,1,1,1,1,1,20261005,20261005
WBS 26_27-42915-1111111,1,1,1,1,1,1,1,20261005,20261005
ATS_TBS 26-42559,0,0,0,0,0,1,0,20261031,20261031
ATS_TBS 26-42563,0,0,0,0,0,0,1,20261101,20261101
