service_id,monday,tuesday,wednesday,thursday,friday,saturday,sunday,start_date,end_date
BBL 26_27-42237,1,1,1,1,1,0,0,20260923,20261120
BCC 26_27-44201,0,0,0,0,1,0,0,20260925,20260925
BCC 26_27-44193,1,1,1,1,1,1,1,20260928,20260928
BCC 26_27-44193-1111111,1,1,1,1,1,1,1,20260928,20260928
BCC 26_27-42969,0,0,0,0,1,0,0,20261002,20261120
BCC 26_27-42968,1,1,1,1,0,0,0,20260923,20261119
BCC 26_27-42970,0,0,0,0,0,1,0,20261003,20261121
BCC 26_27-42971,0,0,0,0,0,0,1,20260927,20261122
CBL 26_27-43425,1,1,1,1,1,0,0,20261006,20261120
CBL 26_27-43425-0001000,0,0,0,1,0,0,0,20261006,20261120
CBL 26_27-43427,1,1,1,1,1,0,0,20260923,20261002
CBL 26_27-43427-0001000,0,0,0,1,0,0,0,20260923,20261002
CBL 26_27-43424,0,0,0,0,0,1,0,20260926,20261121
CBL 26_27-43426,0,0,0,0,0,0,1,20260927,20261122
ATS_TBS 26-44138,1,1,1,1,1,0,0,20260923,20261001
ATS_TBS 26-44141,1,1,1,1,1,0,0,20260925,20261002
ATS_TBS 26-44298,1,1,1,1,1,0,0,20261006,20261008
ATS_TBS 26-44297,1,1,1,1,1,0,0,20261009,20261009
ATS_TBS 26-44139,0,0,0,0,0,1,0,20260926,20261003
ATS_TBS 26-44299,0,0,0,0,0,1,0,20261010,20261010
ATS_TBS 26-44140,0,0,0,0,0,0,1,20260927,20261005
ATS_TBS 26-44300,0,0,0,0,0,0,1,20261011,20261011
COO 26_27-43134,1,1,1,1,1,0,0,20260923,20261120
COO 26_27-43136,0,0,0,0,0,1,0,20260926,20261121
COO 26_27-43135,0,0,0,0,0,0,1,20260927,20261122
QR 26_27-43503,0,0,0,0,0,1,0,20261017,20261121
QR 26_27-43506,0,0,0,0,0,0,1,20261018,20261122
QR 26_27-44305,1,1,1,1,0,0,0,20261013,20261119
QR 26_27-44306,1,1,1,1,0,0,0,20261012,20261021
QR 26_27-44307,0,0,0,0,1,0,0,20261016,20261120
GCLR 26_27-43820,0,0,0,0,1,0,0,20260925,20261120
HBL 26_27-43478,0,0,0,0,1,0,0,20261009,20261120
HBL 26_27-43488,1,1,1,1,0,0,0,20261006,20261119
HBL 26_27-43482,0,0,0,0,1,0,0,20260925,20261002
HBL 26_27-43480,1,1,1,1,0,0,0,20260923,20261001
HBL 26_27-43477,0,0,0,0,0,1,0,20260926,20261121
HBL 26_27-43484,0,0,0,0,0,0,1,20260927,20261122
MET 26_27-43289,1,1,1,1,1,0,0,20260923,20261120
MET 26_27-43289-0000100,0,0,0,0,1,0,0,20260923,20261120
MET 26_27-43288,0,0,0,0,0,1,0,20260926,20261121
MET 26_27-43292,0,0,0,0,0,0,1,20260927,20261122
MET 26_27-43291,0,0,0,0,0,0,1,20261005,20261005
KBL 26_27-44024,1,1,1,1,1,0,0,20261006,20261120
KBL 26_27-42865,1,1,1,1,1,0,0,20260923,20261002
KBL 26_27-42861,0,0,0,0,0,1,0,20260926,20261121
ATS_KBL 26-44103,0,0,0,0,0,1,0,20260926,20260926
KBL 26_27-42863,0,0,0,0,0,0,1,20260927,20261122
ATS_KBL 26-44102,0,0,0,0,0,0,1,20260927,20260927
LCBS 26_27-44170,1,1,1,1,1,0,0,20261006,20261009
LCBS 26_27-44170-0000100,0,0,0,0,1,0,0,20261006,20261009
LCBS 26_27-44166,1,1,1,1,1,0,0,20261012,20261120
LCBS 26_27-44166-0000100,0,0,0,0,1,0,0,20261012,20261120
LCBS 26_27-44163,1,1,1,1,1,0,0,20260923,20261002
LCBS 26_27-44163-0000100,0,0,0,0,1,0,0,20260923,20261002
LCBS 26_27-43394,0,0,0,0,0,0,1,20261005,20261005
LCBS 26_27-43388,0,0,0,0,0,1,0,20260926,20261003
LCBS 26_27-44167,0,0,0,0,0,1,0,20261010,20261121
LCBS 26_27-43393,0,0,0,0,0,0,1,20260927,20261004
LCBS 26_27-44168,0,0,0,0,0,0,1,20261011,20261122
LOGC 26_27-43196,1,1,1,1,1,0,0,20260923,20261120
LOGC 26_27-43194,0,0,0,0,0,1,0,20260926,20261121
LOGC 26_27-43195,0,0,0,0,0,0,1,20260927,20261122
LVB 26_27-43543,0,0,0,0,0,1,0,20260926,20261121
LVB 26_27-43542,0,0,0,0,0,0,1,20260927,20261122
LVB 26_27-43541,1,1,1,1,1,0,0,20260923,20261120
MGB 26_27-44289,1,1,1,1,1,0,0,20261006,20261120
MGB 26_27-43491,1,1,1,1,1,0,0,20260923,20261002
MGB 26_27-43492,0,0,0,0,0,1,0,20260926,20261003
MGB 26_27-44287,0,0,0,0,0,1,0,20261010,20261121
MGB 26_27-43493,0,0,0,0,0,0,1,20260927,20261004
MGB 26_27-44288,0,0,0,0,0,0,1,20261005,20261122
GCLR 26_27-43822,1,1,1,1,0,0,0,20260923,20261119
BT 26_27-44149,1,1,1,1,1,0,0,20261012,20261023
BT 26_27-44149-0000100,0,0,0,0,1,0,0,20261012,20261023
BT 26_27-44149-1000000,1,0,0,0,0,0,0,20261012,20261023
BT 26_27-44149-0111100,0,1,1,1,1,0,0,20261012,20261023
BT 26_27-44149-1111000,1,1,1,1,0,0,0,20261012,20261023
BT 26_27-44153,0,0,0,0,0,1,0,20261017,20261121
BT 26_27-44155,0,0,0,0,0,0,1,20261018,20261122
BT 26_27-44150,1,1,1,1,1,0,0,20261026,20261120
BT 26_27-44150-0000100,0,0,0,0,1,0,0,20261026,20261120
BT 26_27-44150-1000000,1,0,0,0,0,0,0,20261026,20261120
BT 26_27-44150-0111100,0,1,1,1,1,0,0,20261026,20261120
BT 26_27-44150-1111000,1,1,1,1,0,0,0,20261026,20261120
BT 26_27-44156,0,0,0,0,0,0,1,20261005,20261005
PRT 26_27-44203,1,1,1,1,1,0,0,20261006,20261120
PRT 26_27-42923,1,1,1,1,1,0,0,20260923,20261002
PRT 26_27-44202,1,1,1,1,1,1,1,20261005,20261005
PRT 26_27-44202-1111111,1,1,1,1,1,1,1,20261005,20261005
PRT 26_27-42925,0,0,0,0,0,1,0,20260926,20261003
PRT 26_27-44204,0,0,0,0,0,1,0,20261010,20261121
PRT 26_27-42919,0,0,0,0,0,0,1,20260927,20261004
PRT 26_27-44205,0,0,0,0,0,0,1,20261011,20261122
HBL 26_27-44195,0,0,0,0,0,0,1,20261005,20261005
BT 26_27-44106,1,1,1,1,1,0,0,20260928,20261002
BT 26_27-44106-0000100,0,0,0,0,1,0,0,20260928,20261002
BT 26_27-44106-1111000,1,1,1,1,0,0,0,20260928,20261002
BT 26_27-44213,1,1,1,1,1,0,0,20261006,20261009
BT 26_27-44213-0000100,0,0,0,0,1,0,0,20261006,20261009
BT 26_27-44213-1000000,1,0,0,0,0,0,0,20261006,20261009
BT 26_27-44213-0111100,0,1,1,1,1,0,0,20261006,20261009
BT 26_27-44213-1111000,1,1,1,1,0,0,0,20261006,20261009
BT 26_27-44214,0,0,0,0,0,1,0,20261010,20261010
BT 26_27-44215,0,0,0,0,0,0,1,20261011,20261011
BT 26_27-44105,1,1,1,1,1,0,0,20260923,20260925
BT 26_27-44105-0000100,0,0,0,0,1,0,0,20260923,20260925
BT 26_27-44105-1111000,1,1,1,1,0,0,0,20260923,20260925
GCLR 26_27-43821,0,0,0,0,0,1,0,20260926,20261121
SBLE 26_27-43698,1,1,1,1,1,0,0,20260923,20261120
SBLE 26_27-43697,0,0,0,0,0,1,0,20260926,20261121
SBLE 26_27-43695,0,0,0,0,0,0,1,20260927,20261122
SBL 26_27-43690,1,1,1,1,1,0,0,20260923,20261002
SBL 26_27-43690-0000100,0,0,0,0,1,0,0,20260923,20261002
SBL 26_27-43690-1111000,1,1,1,1,0,0,0,20260923,20261002
SBL 26_27-44281,1,1,1,1,1,0,0,20261006,20261120
SBL 26_27-44281-1111000,1,1,1,1,0,0,0,20261006,20261120
SBL 26_27-44281-0000100,0,0,0,0,1,0,0,20261006,20261120
SBL 26_27-43689,0,0,0,0,0,1,0,20260926,20261003
SBL 26_27-44282,0,0,0,0,0,1,0,20261010,20261121
SBL 26_27-43683,0,0,0,0,0,0,1,20260927,20261004
SBL 26_27-44244,0,0,0,0,0,0,1,20261005,20261005
SBL 26_27-44283,0,0,0,0,0,0,1,20261011,20261122
BT 26_27-43776,0,0,0,0,0,1,0,20260926,20261003
BT 26_27-43778,0,0,0,0,0,0,1,20260927,20261004
SMBI 26_27-43030,0,0,0,0,0,1,0,20260926,20261121
SMBI 26_27-43032,0,0,0,0,0,0,1,20260927,20261122
SMBI 26_27-43031,1,1,1,1,1,0,0,20260923,20261120
SUN 26_27-43886,1,1,1,1,1,0,0,20260923,20260925
SUN 26_27-43886-0010000,0,0,1,0,0,0,0,20260923,20260925
SUN 26_27-43886-1111000,1,1,1,1,0,0,0,20260923,20260925
SUN 26_27-43886-0000100,0,0,0,0,1,0,0,20260923,20260925
SUN 26_27-43886-1110100,1,1,1,0,1,0,0,20260923,20260925
SUN 26_27-43886-0001000,0,0,0,1,0,0,0,20260923,20260925
SUN 26_27-44278,1,1,1,1,1,0,0,20260928,20261002
SUN 26_27-44278-0010000,0,0,1,0,0,0,0,20260928,20261002
SUN 26_27-44278-1111000,1,1,1,1,0,0,0,20260928,20261002
SUN 26_27-44278-0000100,0,0,0,0,1,0,0,20260928,20261002
SUN 26_27-44278-1110100,1,1,1,0,1,0,0,20260928,20261002
SUN 26_27-44278-0001000,0,0,0,1,0,0,0,20260928,20261002
SUN 26_27-44274,1,1,1,1,1,0,0,20261006,20261120
SUN 26_27-44274-0010000,0,0,1,0,0,0,0,20261006,20261120
SUN 26_27-44274-1111000,1,1,1,1,0,0,0,20261006,20261120
SUN 26_27-44274-0000100,0,0,0,0,1,0,0,20261006,20261120
SUN 26_27-44274-1110100,1,1,1,0,1,0,0,20261006,20261120
SUN 26_27-44274-0001000,0,0,0,1,0,0,0,20261006,20261120
SUN 26_27-43551,0,0,0,0,0,1,0,20260926,20260926
SUN 26_27-44275,0,0,0,0,0,1,0,20261003,20261121
SUN 26_27-43549,0,0,0,0,0,0,1,20260927,20260927
SUN 26_27-44273,0,0,0,0,0,0,1,20261004,20261122
SUN 26_27-44277,1,1,1,1,1,1,1,20261005,20261005
SUN 26_27-44277-0000001,0,0,0,0,0,0,1,20261005,20261005
GCLR 26_27-43823,0,0,0,0,0,0,1,20260927,20261122
CDC 26_27-44191,1,1,1,1,1,0,0,20261006,20261120
TBS 26_27-43794,1,1,1,1,1,0,0,20261006,20261120
TBS 26_27-43497,1,1,1,1,1,0,0,20260923,20261002
TBS 26_27-43458,0,0,0,0,0,1,0,20260926,20261121
TBS 26_27-43496,0,0,0,0,0,0,1,20260927,20261122
QR 26_27-44006,0,0,0,0,0,1,0,20261003,20261003
QR 26_27-44007,0,0,0,0,0,0,1,20261004,20261004
QR 26_27-44008,1,1,1,1,0,0,0,20260923,20261001
QR 26_27-44009,1,1,1,1,0,0,0,20260924,20260924
QR 26_27-44010,0,0,0,0,1,0,0,20260925,20261002
QR 26_27-44107,0,0,0,0,0,1,0,20260926,20260926
QR 26_27-44108,0,0,0,0,0,0,1,20260927,20260927
QR 26_27-44109,1,1,1,1,0,0,0,20260929,20260929
QR 26_27-44207,0,0,0,0,0,0,1,20261005,20261005
QR 26_27-44171,1,1,1,1,0,0,0,20261006,20261008
QR 26_27-44172,0,0,0,0,1,0,0,20261009,20261009
QR 26_27-44217,0,0,0,0,0,1,0,20261010,20261010
QR 26_27-44209,0,0,0,0,0,0,1,20261011,20261011
TDEV 26_27-44218,1,1,1,1,1,0,0,20261006,20261120
TDEV 26_27-43016,1,1,1,1,1,0,0,20260923,20261002
TDEV 26_27-44224,1,1,1,1,1,1,1,20261005,20261005
TDEV 26_27-44224-1111111,1,1,1,1,1,1,1,20261005,20261005
TDEV 26_27-43012,0,0,0,0,0,1,0,20260926,20261003
TDEV 26_27-44219,0,0,0,0,0,1,0,20261010,20261121
TDEV 26_27-43013,0,0,0,0,0,0,1,20260927,20261004
TDEV 26_27-44221,0,0,0,0,0,0,1,20261011,20261122
TSQ 26_27-43513,0,0,0,0,0,1,0,20260926,20261121
TSQ 26_27-43514,0,0,0,0,0,0,1,20260927,20261122
TSQ 26_27-43512,1,1,1,1,1,0,0,20260923,20261120
WBS 26_27-42910,1,1,1,1,1,0,0,20261006,20261120
WBS 26_27-42912,1,1,1,1,1,0,0,20260923,20261002
WBS 26_27-42909,0,0,0,0,0,1,0,20260926,20261121
WBS 26_27-42914,0,0,0,0,0,0,1,20260927,20261122
WBS 26_27-42915,1,1,1,1,1,1,1,20261005,20261005
WBS 26_27-42915-1111111,1,1,1,1,1,1,1,20261005,20261005
